DATE	MIAM112NAN	MIMAGRIDX	SMU12331000500000002SA	SMU12331000500000003	SMU12331000500000011	SMU12331000600000001
1990-01-01	1692.7					274.6
1990-02-01	1706.6	0.70				274.9
1990-03-01	1724.5	3.10				275.8
1990-04-01	1701.6	-1.04				271.2
1990-05-01	1705.5	0.09				271.0
1990-06-01	1697.2	1.93				271.3
1990-07-01	1654.2	-0.46				266.0
1990-08-01	1656.0	0.74				267.2
1990-09-01	1677.5	-0.06				265.7
1990-10-01	1690.6	-0.22				263.5
1990-11-01	1704.0	-1.33				261.6
1990-12-01	1716.9	-0.97				258.5
1991-01-01	1669.7	-3.07				246.0
1991-02-01	1671.1	-1.38				245.6
1991-03-01	1676.9	-1.75				244.1
1991-04-01	1658.8	-2.82				239.3
1991-05-01	1658.2	2.16				240.4
1991-06-01	1651.1	0.07				240.1
1991-07-01	1614.2	1.56				236.8
1991-08-01	1620.0	2.10				238.9
1991-09-01	1638.9	-0.54				238.0
1991-10-01	1640.7	-0.39				236.8
1991-11-01	1668.7	2.41				237.6
1991-12-01	1674.6	-3.34				234.5
1992-01-01	1649.1	3.69				226.9
1992-02-01	1658.3	0.04				227.9
1992-03-01	1680.3	1.85				228.7
1992-04-01	1664.8	4.59				228.5
1992-05-01	1664.2	1.37				230.0
1992-06-01	1659.8	1.06				231.2
1992-07-01	1626.9	2.36				229.5
1992-08-01	1620.5	-4.24				229.6
1992-09-01	1654.4	9.42				235.1
1992-10-01	1681.2	13.92				242.1
1992-11-01	1703.0	4.29				244.8
1992-12-01	1728.4	3.74				245.9
1993-01-01	1697.3	2.14				237.9
1993-02-01	1719.8	6.21				242.3
1993-03-01	1733.8	2.28				243.2
1993-04-01	1738.2	8.03				244.3
1993-05-01	1733.0	1.78				245.2
1993-06-01	1732.1	3.12				246.3
1993-07-01	1705.1	3.20				243.3
1993-08-01	1705.0	1.82				244.5
1993-09-01	1731.1	2.33				244.9
1993-10-01	1754.1	3.83				245.2
1993-11-01	1775.7	1.63				245.1
1993-12-01	1797.7	5.01				246.2
1994-01-01	1763.4	0.69				237.4
1994-02-01	1784.7	3.55				240.3
1994-03-01	1802.5	4.18				242.0
1994-04-01	1797.3	3.31				240.7
1994-05-01	1799.0	4.18				242.8
1994-06-01	1797.7	3.91				244.6
1994-07-01	1763.0	5.07				242.8
1994-08-01	1766.4	2.25				244.4
1994-09-01	1796.8	3.54				245.9
1994-10-01	1807.4	-2.10				243.4
1994-11-01	1845.2	3.32				244.3
1994-12-01	1860.2	3.96				245.5
1995-01-01	1827.1	9.28				242.1
1995-02-01	1846.9	3.08				245.4
1995-03-01	1866.1	2.67				247.1
1995-04-01	1846.0	2.10				245.5
1995-05-01	1850.7	2.05				246.8
1995-06-01	1849.9	2.81				248.3
1995-07-01	1805.1	1.09				244.4
1995-08-01	1813.5	3.32				246.6
1995-09-01	1849.9	5.38				249.5
1995-10-01	1861.3	0.30				248.7
1995-11-01	1891.9	3.33				249.7
1995-12-01	1913.5	1.55				249.9
1996-01-01	1874.9	5.67				244.7
1996-02-01	1897.0	4.86				248.3
1996-03-01	1922.9	3.12				249.8
1996-04-01	1897.4	-1.04				245.5
1996-05-01	1903.8	4.15				247.2
1996-06-01	1902.7	2.81				248.3
1996-07-01	1863.6	3.32				245.0
1996-08-01	1872.5	4.92				247.7
1996-09-01	1908.2	1.89				248.7
1996-10-01	1922.2	6.18				250.9
1996-11-01	1951.9	4.15				252.1
1996-12-01	1979.8	3.22				252.9
1997-01-01	1944.6	3.06				246.1
1997-02-01	1962.8	2.03				247.4
1997-03-01	1979.2	4.04				249.1
1997-04-01	1978.0	4.70				247.1
1997-05-01	1984.1	4.01				248.5
1997-06-01	1981.9	0.20				248.2
1997-07-01	1949.2	8.40				247.5
1997-08-01	1957.9	4.56				250.1
1997-09-01	1994.2	4.54				252.5
1997-10-01	2009.6	2.23				252.8
1997-11-01	2035.0	2.52				253.4
1997-12-01	2061.7	2.80				254.5
1998-01-01	2019.4	2.71				248.3
1998-02-01	2034.2	2.62				250.2
1998-03-01	2052.4	3.01				252.0
1998-04-01	2029.5	1.07				248.6
1998-05-01	2033.7	2.91				249.8
1998-06-01	2036.0	4.28				251.8
1998-07-01	1997.9	1.93				247.7
1998-08-01	1999.0	1.29				248.3
1998-09-01	2032.1	3.06				249.6
1998-10-01	2056.0	5.36				251.3
1998-11-01	2079.8	1.53				251.2
1998-12-01	2112.4	3.91				252.8
1999-01-01	2058.1	0.82				245.9
1999-02-01	2082.5	2.62				247.6
1999-03-01	2097.4	2.45				249.4
1999-04-01	2080.1	7.65				249.9
1999-05-01	2086.9	0.67				250.3
1999-06-01	2091.7	2.19				251.5
1999-07-01	2048.1	2.99				248.5
1999-08-01	2050.7	1.46				249.6
1999-09-01	2081.7	0.28				249.9
1999-10-01	2101.3	7.73				253.4
1999-11-01	2130.4	2.70				254.4
1999-12-01	2166.5	2.81				255.8
2000-01-01	2121.3	3.37				250.5
2000-02-01	2134.5	2.65				252.2
2000-03-01	2153.4	4.14				254.7
2000-04-01	2152.0	3.57				252.7
2000-05-01	2162.9	4.13				254.6
2000-06-01	2160.6	2.23				255.4
2000-07-01	2122.1	3.39				252.2
2000-08-01	2135.9	2.71				253.5
2000-09-01	2169.2	3.45				254.9
2000-10-01	2172.3	1.33				254.4
2000-11-01	2206.2	3.66				255.5
2000-12-01	2232.9	1.69				255.9
2001-01-01	2189.9	2.98				250.2
2001-02-01	2208.1	2.16				250.9
2001-03-01	2224.7	0.67				251.0
2001-04-01	2207.7	0.70				247.5
2001-05-01	2208.8	0.74				247.5
2001-06-01	2204.5	1.51				247.9
2001-07-01	2157.0	-0.10				243.5
2001-08-01	2165.1	1.37				244.7
2001-09-01	2192.6	-1.25				244.3
2001-10-01	2190.9	-1.34				243.0
2001-11-01	2210.0	-0.69				242.6
2001-12-01	2229.7	0.48				242.7
2002-01-01	2188.5	0.26				236.4
2002-02-01	2198.0	0.99				236.4
2002-03-01	2217.1	1.47				236.7
2002-04-01	2201.0	2.49				234.4
2002-05-01	2206.1	2.71				235.2
2002-06-01	2197.7	1.89				235.5
2002-07-01	2152.2	1.45				231.9
2002-08-01	2161.6	1.99				233.0
2002-09-01	2193.3	1.80				233.6
2002-10-01	2201.4	2.67				233.4
2002-11-01	2225.7	1.69				233.7
2002-12-01	2249.7	1.27				233.9
2003-01-01	2203.2	0.91				228.4
2003-02-01	2219.2	1.19				228.6
2003-03-01	2231.5	0.79				228.8
2003-04-01	2213.6	-0.96				225.6
2003-05-01	2210.7	0.88				226.1
2003-06-01	2196.4	0.49				226.4
2003-07-01	2151.2	2.20				224.0
2003-08-01	2158.6	2.98				226.1
2003-09-01	2189.4	2.48				227.6
2003-10-01	2207.1	3.04				227.7
2003-11-01	2217.0	-1.96				226.6
2003-12-01	2244.8	4.11				228.5
2004-01-01	2217.9	5.02				225.6
2004-02-01	2237.5	2.78				227.2
2004-03-01	2254.7	4.63				229.8
2004-04-01	2259.7	5.17				230.1
2004-05-01	2260.2	1.99				231.7
2004-06-01	2250.8	2.33				233.5
2004-07-01	2219.3	6.22				233.5
2004-08-01	2229.4	2.49				235.9
2004-09-01	2245.0	-2.65				235.6
2004-10-01	2280.5	7.70				238.2
2004-11-01	2311.7	3.51				240.2
2004-12-01	2339.9	2.23				241.9
2005-01-01	2295.6	4.19				239.0
2005-02-01	2319.4	2.36				241.1
2005-03-01	2330.1	1.57				242.8
2005-04-01	2345.2	7.66				244.8
2005-05-01	2347.5	2.34				247.2
2005-06-01	2320.2	2.53				249.8
2005-07-01	2306.7	7.66				250.9
2005-08-01	2346.5	1.36				253.3
2005-09-01	2362.3	2.22				256.3
2005-10-01	2357.5	1.33				256.5
2005-11-01	2376.5	0.14				257.8
2005-12-01	2409.5	2.12				260.2
2006-01-01	2365.8	2.13				256.3
2006-02-01	2389.2	3.36				259.8
2006-03-01	2410.0	1.92				262.4
2006-04-01	2396.5	5.57				263.8
2006-05-01	2407.0	2.63				266.9
2006-06-01	2383.6	2.51				269.8
2006-07-01	2352.4	2.19				267.5
2006-08-01	2391.7	0.59				269.0
2006-09-01	2401.6	1.41				270.8
2006-10-01	2405.2	1.07				269.3
2006-11-01	2436.8	2.00				270.2
2006-12-01	2462.9	1.41				270.9
2007-01-01	2415.3	2.62	35.402552188345000	21.40	755.42	265.2
2007-02-01	2433.8	1.92	35.663517986481600	20.98	748.99	266.5
2007-03-01	2449.6	2.41	35.312901961974300	21.16	746.95	267.6
2007-04-01	2428.6	-2.77	35.705451482796200	21.35	764.33	262.2
2007-05-01	2436.7	1.95	35.377267478368900	21.29	753.67	263.2
2007-06-01	2408.2	5.41	35.349121135568500	22.04	780.22	266.2
2007-07-01	2366.6	-3.74	35.810194161919700	22.15	795.19	259.0
2007-08-01	2406.4	2.05	35.543997250495600	21.99	782.84	259.7
2007-09-01	2414.4	0.84	36.291650274419900	21.87	789.51	259.6
2007-10-01	2410.5	-1.42	35.935303154906705	21.49	767.19	255.5
2007-11-01	2441.4	1.80	35.927379873211900	21.58	776.88	254.8
2007-12-01	2463.1	1.34	36.209736006111300	21.71	788.07	254.0
2008-01-01	2406.3	-2.05	35.879444085501206	21.54	771.13	244.6
2008-02-01	2420.3	-0.36	35.749182909844100	21.24	760.39	243.5
2008-03-01	2426.5	-0.16	36.109035424688500	21.16	763.88	242.1
2008-04-01	2397.4	-4.97	35.495802952969500	21.39	761.48	235.0
2008-05-01	2391.5	-1.41	35.859982785895500	21.38	767.54	233.6
2008-06-01	2347.8	-1.09	36.167473762112710	21.59	781.56	232.6
2008-07-01	2300.5	-4.81	35.930242644083800	21.56	776.16	225.5
2008-08-01	2325.9	-1.56	36.059051500718000	21.71	783.73	224.1
2008-09-01	2321.7	-2.01	36.206459711137500	21.63	778.68	222.2
2008-10-01	2315.0	-2.87	36.029258359488800	22.03	788.67	217.8
2008-11-01	2327.2	-3.79	35.948991664058106	22.13	796.68	214.3
2008-12-01	2335.7	-3.37	35.709940250060800	22.80	816.24	211.1
2009-01-01	2265.1	-10.92	35.827560873619106	22.29	797.98	199.2
2009-02-01	2259.6	-4.75	35.633435092863400	23.09	824.31	196.4
2009-03-01	2254.3	-3.53	35.691566377965000	22.70	810.39	193.7
2009-04-01	2232.5	-5.31	35.395668529945000	22.43	796.27	187.6
2009-05-01	2223.4	-2.07	35.650798948430904	22.43	800.75	185.9
2009-06-01	2186.0	-2.51	35.587880736441200	22.46	799.58	184.2
2009-07-01	2152.6	-1.38	35.563222237835100	23.04	820.22	179.6
2009-08-01	2176.0	-1.19	35.583760098027504	22.66	806.70	178.3
2009-09-01	2178.1	0.32	35.306399623436604	22.11	776.06	177.2
2009-10-01	2190.9	0.30	35.328304736410000	22.16	777.82	174.8
2009-11-01	2213.8	0.40	35.582459650830000	22.47	799.93	173.3
2009-12-01	2226.4	1.10	35.403019244629796	22.47	797.69	172.1
2010-01-01	2180.6	-5.03	35.476898427171800	22.25	789.88	164.5
2010-02-01	2192.4	3.12	35.696292466106290	22.85	818.03	165.1
2010-03-01	2199.9	1.89	35.565401326785604	22.64	805.98	165.0
2010-04-01	2199.3	7.17	35.800709571124100	22.78	817.80	164.6
2010-05-01	2207.7	1.77	36.152347934529400	22.55	816.31	165.0
2010-06-01	2172.3	2.80	35.915188418874500	22.69	814.57	166.0
2010-07-01	2150.5	5.91	35.697287175400700	22.69	810.03	165.5
2010-08-01	2178.8	1.11	36.022117247544100	22.50	810.00	166.0
2010-09-01	2181.4	0.68	35.494230423325700	22.73	802.37	165.7
2010-10-01	2203.2	3.10	35.823411462064500	22.96	817.38	165.3
2010-11-01	2229.4	1.27	35.815056828242895	22.77	815.17	164.8
2010-12-01	2247.1	2.97	35.773214523802900	22.85	820.32	164.6
2011-01-01	2211.9	1.92	36.057889974186104	22.97	829.22	160.2
2011-02-01	2224.4	2.22	35.839063327751800	22.75	819.00	160.9
2011-03-01	2230.5	1.75	35.838265769512404	22.49	807.39	160.9
2011-04-01	2242.8	8.49	35.804474381594794	22.46	806.31	161.3
2011-05-01	2237.1	0.77	35.685703313338500	22.61	807.18	161.5
2011-06-01	2202.7	2.27	35.136073262692200	22.60	793.26	162.3
2011-07-01	2186.7	3.74	35.346462936998400	22.32	787.90	161.4
2011-08-01	2217.6	2.08	34.844491876756500	22.20	772.56	162.3
2011-09-01	2231.2	4.04	34.957615155901900	22.37	778.48	163.1
2011-10-01	2249.3	3.41	35.323274939442705	22.68	796.07	163.3
2011-11-01	2277.7	3.73	34.932879522828500	22.32	778.97	163.9
2011-12-01	2297.3	3.13	34.942552088499200	22.30	782.73	163.9
2012-01-01	2261.3	4.91	35.073401765922796	22.65	795.02	161.1
2012-02-01	2274.3	0.26	34.672852594825500	22.46	783.85	161.5
2012-03-01	2286.8	4.10	34.499921829258900	22.25	769.85	162.5
2012-04-01	2289.0	2.77	34.612175723207805	22.70	787.69	161.6
2012-05-01	2290.4	2.87	34.336444191001000	22.17	760.43	162.9
2012-06-01	2259.4	2.90	34.471136580626100	22.31	767.46	164.2
2012-07-01	2237.8	1.35	34.783730912690100	22.37	776.24	163.3
2012-08-01	2267.8	4.66	34.463519607776400	22.04	758.18	165.6
2012-09-01	2279.9	3.02	34.822487414409400	22.36	775.89	166.3
2012-10-01	2306.7	2.59	34.618406719910000	22.15	761.96	166.7
2012-11-01	2338.4	4.13	34.514300283509000	21.98	758.31	167.8
2012-12-01	2350.8	2.42	34.795071182448900	22.13	774.55	167.8
2013-01-01	2313.8	-0.03	34.402766243433106	21.99	756.46	163.8
2013-02-01	2333.5	4.04	34.538336205728000	21.89	761.77	165.9
2013-03-01	2344.7	3.43	34.574207319710200	21.73	754.03	167.1
2013-04-01	2345.5	2.70	34.423736931192800	21.94	756.93	167.0
2013-05-01	2348.0	4.84	34.494307492144100	21.98	756.11	169.5
2013-06-01	2320.0	2.78	34.699430345793300	22.18	767.43	171.1
2013-07-01	2303.4	4.50	34.211961186009800	22.06	752.25	171.9
2013-08-01	2336.2	4.13	34.272385371621496	22.09	755.48	174.5
2013-09-01	2346.3	1.84	34.386600150334900	22.28	764.20	175.1
2013-10-01	2367.8	2.05	34.218955209733300	22.01	748.34	175.9
2013-11-01	2407.6	3.57	34.074339695813700	22.04	751.56	177.2
2013-12-01	2423.0	2.72	34.156677953634500	22.21	764.02	177.6
2014-01-01	2383.5	2.58	34.123853964043306	22.08	752.93	175.0
2014-02-01	2401.8	3.11	34.431850834549800	22.29	773.46	177.4
2014-03-01	2413.2	2.77	34.445626236175700	22.23	769.16	178.8
2014-04-01	2421.1	4.40	34.450862111671704	22.30	769.35	179.8
2014-05-01	2425.3	3.95	34.421813031959196	22.24	762.83	182.2
2014-06-01	2395.9	3.30	34.628642672416100	22.47	775.22	184.0
2014-07-01	2380.5	4.00	34.640429906917000	22.42	773.49	184.8
2014-08-01	2416.7	3.11	34.978116229503800	22.54	786.65	187.0
2014-09-01	2429.6	3.17	34.765309038942400	22.46	779.36	188.0
2014-10-01	2460.0	4.22	34.819868137341400	22.44	776.42	189.8
2014-11-01	2498.1	1.55	35.020337468703000	22.64	794.66	190.4
2014-12-01	2514.0	2.89	34.631627420576600	22.37	780.71	190.9
2015-01-01	2472.7	4.10	34.829914300164300	22.50	783.00	188.9
2015-02-01	2487.7	2.30	35.038691073446700	22.75	803.08	191.3
2015-03-01	2498.9	2.98	35.248423898876900	22.71	803.93	193.0
2015-04-01	2501.6	2.86	34.855028942641500	22.79	795.37	193.9
2015-05-01	2505.7	3.46	34.931734037322194	22.83	794.48	196.3
2015-06-01	2475.5	3.29	34.963542483947805	22.67	788.92	198.3
2015-07-01	2465.3	2.35	34.951331305503900	22.72	790.66	198.6
2015-08-01	2499.3	2.36	35.077093441264000	23.02	805.70	200.6
2015-09-01	2506.1	2.30	34.558666949259800	22.97	792.47	201.6
2015-10-01	2544.7	7.62	34.824031804405100	23.00	795.80	205.5
2015-11-01	2577.3	1.83	34.983008970359300	23.08	810.11	206.5
2015-12-01	2593.7	3.25	34.820357578990500	22.91	804.14	207.2
2016-01-01	2552.4	2.26	34.718870562129200	22.83	792.20	204.1
2016-02-01	2570.5	2.14	34.453624867033800	23.08	800.88	206.4
2016-03-01	2577.6	1.65	34.347221432132600	23.19	800.06	207.4
2016-04-01	2590.1	5.07	34.559306884326800	23.19	802.37	209.2
2016-05-01	2585.9	0.72	34.621507109415100	23.55	812.48	210.1
2016-06-01	2549.1	0.11	34.397986312526996	23.35	798.57	210.7
2016-07-01	2543.9	5.14	34.448056368877800	23.29	798.85	212.1
2016-08-01	2572.3	1.91	34.293450447527700	23.45	801.99	213.6
2016-09-01	2584.9	2.60	34.248382201091500	23.59	806.78	214.6
2016-10-01	2603.8	-0.02	34.522253096641500	24.00	823.20	215.2
2016-11-01	2638.3	4.02	34.475149804282600	23.73	821.06	217.0
2016-12-01	2651.7	2.04	34.596929773721600	23.68	826.43	217.0
2017-01-01	2614.8	2.98	34.801338736697800	23.80	828.24	213.9
2017-02-01	2631.1	2.76	34.583734868334800	23.61	821.63	216.5
2017-03-01	2640.7	3.34	34.668185863614800	23.66	823.37	218.1
2017-04-01	2638.2	1.10	34.958597486970895	23.98	839.30	218.1
2017-05-01	2644.4	3.26	34.505669493670600	23.87	821.13	219.6
2017-06-01	2611.6	2.27	34.404081882593495	23.67	809.51	220.9
2017-07-01	2595.2	-0.09	34.521356513915400	24.03	826.63	219.6
2017-08-01	2621.9	2.76	34.419724507907100	23.80	816.34	220.9
2017-09-01	2565.9	-19.11	32.437904089843700	24.75	801.90	212.1
2017-10-01	2643.2	19.95	35.311576191957400	23.82	836.08	221.6
2017-11-01	2677.9	1.54	34.906106136238900	23.90	836.50	222.4
2017-12-01	2692.8	3.34	34.875469158292200	23.83	838.82	223.0
2018-01-01	2653.1	3.20	34.895754473689700	23.99	837.25	220.0
2018-02-01	2673.8	2.94	35.005752893238395	23.98	844.10	223.0
2018-03-01	2682.1	2.16	34.971256365925800	23.82	836.08	224.4
2018-04-01	2679.0	1.77	35.173255332228900	24.34	856.77	225.8
2018-05-01	2679.6	2.09	34.989965560049300	24.09	840.74	227.0
2018-06-01	2645.3	2.95	35.083274448811395	24.09	840.74	229.0
2018-07-01	2637.4	2.05	35.210424683490500	24.42	857.14	228.8
2018-08-01	2673.7	2.20	35.142255193419100	24.35	852.25	230.0
2018-09-01	2675.8	4.23	35.110215252944300	24.76	869.08	232.1
2018-10-01	2704.8	3.82	34.799521654179500	24.69	854.27	233.9
2018-11-01	2734.8	2.15	34.948684862396306	24.46	856.10	233.7
2018-12-01	2739.6	-0.42	34.962910538487000	24.86	877.56	233.5
2019-01-01	2702.4	0.24	34.910642914058500	24.86	867.61	230.8
2019-02-01	2721.7	2.59	35.017618775022700	24.84	874.37	233.1
2019-03-01	2725.1	2.84	34.972783091799000	24.55	861.71	233.7
2019-04-01	2724.1	4.82	34.883483151365600	24.84	866.92	232.3
2019-05-01	2719.7	2.31	34.983486689100395	24.82	866.22	233.3
2019-06-01	2684.0	3.57	35.449501400515900	24.90	878.97	234.5
2019-07-01	2678.9	3.91	34.900996748056300	24.82	863.74	234.9
2019-08-01	2714.4	0.74	34.844003570207704	25.17	873.40	235.9
2019-09-01	2707.1	1.22	34.897177103747694	25.29	882.62	235.6
2019-10-01	2729.5		34.790474037865500	25.06	867.08	235.4
2019-11-01	2749.9		34.783722353677504	25.02	870.70	235.4
2019-12-01	2760.7		34.970325329364600	25.33	894.15	234.4
2020-01-01	2732.1		34.829761554845800	25.40	883.92	233.0
